03
07
11
16
08
01
05
13
04
13
07
04
13
02
08
10
10
04
08
11
03
08
04
11
11
02
11
16
05
05
13
14
02
11
05
13
16
06
01
13
10
02
01
03
11
16
04
12
15
16
14
08
11
01
13
13
16
06
07
12
09
13
15
10
03
15
04
14
15
11
13
16
07
10
01
01
07
01
01
02
01
08
06
15
10
09
10
13
11
14
15
07
08
11
05
14
07
15
09
12
15
03
02
14
08
14
11
02
14
03
12
06
04
04
05
10
04
01
10
11
09
14
05
05
06
09
05
13
06
11
15
15
11
11
09
13
10
07
08
06
12
06
08
07
01
03
01
02
15
16
13
03
12
04
13
14
01
08
10
03
16
09
03
12
16
10
01
03
07
04
14
12
14
07
12
11
03
11
10
04
09
12
05
06
10
07
13
09
04
12
09
11
12
07
15
05
03
14
04
06
06
01
05
02
12
08
06
02
07
16
07
14
14
11
07
08
02
07
10
16
11
01
07
04
14
11
03
03
03
13
16
13
11
13
04
13
02
06
11
06
04
12
13
07
01
07
03
02
16
14
12
11
10
10
15
01
09
09
13
07
10
06
01
09
06
08
06
02
09
01
15
14
04
08
03
13
09
01
08
05
14
03
07
04
11
11
07
12
14
05
07
03
14
11
15
07
03
15
04
16
08
08
07
16
11
14
09
02
05
04
03
09
06
12
10
16
08
02
04
06
03
06
09
05
07
01
16
13
16
09
14
02
01
11
16
06
16
06
13
10
03
16
11
