02
16
11
05
10
16
12
14
02
03
08
15
09
11
03
09
16
15
14
07
14
01
09
10
05
14
08
07
07
02
06
15
10
08
01
01
14
06
08
16
08
09
10
09
01
16
06
06
06
13
07
06
02
14
11
11
13
12
13
08
16
02
14
07
01
02
12
02
14
04
07
05
05
01
10
06
01
13
05
07
12
06
03
08
09
02
01
15
02
07
03
16
04
01
13
03
14
15
03
02
13
12
03
12
10
15
16
15
10
05
04
05
12
16
08
09
13
14
01
08
03
14
05
02
07
16
15
12
10
13
15
12
14
16
04
07
04
05
11
14
03
16
04
08
04
11
05
11
02
16
14
03
08
14
12
10
04
08
09
04
15
10
03
04
11
03
03
10
10
02
16
16
11
13
12
08
09
09
08
13
12
01
08
16
09
12
11
08
14
14
12
16
15
11
14
03
13
08
05
03
12
02
14
09
04
13
01
11
12
10
02
10
08
02
01
04
07
04
16
13
12
14
03
09
01
12
13
12
06
11
02
09
15
09
09
05
07
04
01
03
03
12
07
09
05
05
05
15
01
10
14
11
08
09
11
10
05
14
13
15
16
08
14
12
12
13
14
09
07
04
14
06
01
01
08
07
04
03
16
08
12
11
04
02
04
01
13
05
13
16
01
07
07
02
04
01
13
16
12
15
09
16
08
03
01
06
10
14
13
09
07
10
13
02
14
15
01
10
13
13
16
14
15
04
07
12
03
11
04
09
02
05
11
09
08
09
07
02
11
15
13
05
03
12